0 0
-8.6049e+06 1e-05
-8.60492e+06 2e-05
-8.60496e+06 3e-05
-8.60501e+06 4e-05
-8.60509e+06 5e-05
-8.60518e+06 6e-05
-8.60529e+06 7e-05
-8.60542e+06 8e-05
-8.60557e+06 9e-05
-8.60574e+06 0.0001
-8.60592e+06 0.00011
-8.60612e+06 0.00012
-8.60635e+06 0.00013
-8.60659e+06 0.00014
-8.60685e+06 0.00015
-8.60712e+06 0.00016
-8.60742e+06 0.00017
-8.60774e+06 0.00018
-8.60807e+06 0.00019
-8.60842e+06 0.0002
-8.60879e+06 0.00021
-8.60918e+06 0.00022
-8.60959e+06 0.00023
-8.61001e+06 0.00024
-8.61046e+06 0.00025
-8.61092e+06 0.00026
-8.61141e+06 0.00027
-8.61191e+06 0.00028
-8.61243e+06 0.00029
-8.61296e+06 0.0003
-8.61352e+06 0.00031
-8.61409e+06 0.00032
-8.61469e+06 0.00033
-8.6153e+06 0.00034
-8.61593e+06 0.00035
-8.61658e+06 0.00036
-8.61725e+06 0.00037
-8.61794e+06 0.00038
-8.61864e+06 0.00039
-8.61937e+06 0.0004
-8.62011e+06 0.00041
-8.62087e+06 0.00042
-8.62166e+06 0.00043
-8.62246e+06 0.00044
-8.62327e+06 0.00045
-8.62411e+06 0.00046
-8.62497e+06 0.00047
-8.62584e+06 0.00048
-8.62674e+06 0.00049
-8.62765e+06 0.0005
-8.62858e+06 0.00051
-8.62953e+06 0.00052
-8.6305e+06 0.00053
-8.63149e+06 0.00054
-8.63249e+06 0.00055
-8.63352e+06 0.00056
-8.63456e+06 0.00057
-8.63563e+06 0.00058
-8.63671e+06 0.00059
-8.63781e+06 0.0006
-8.63893e+06 0.00061
-8.64007e+06 0.00062
-8.64123e+06 0.00063
-8.64241e+06 0.00064
-8.64361e+06 0.00065
-8.64482e+06 0.00066
-8.64606e+06 0.00067
-8.64731e+06 0.00068
-8.64859e+06 0.00069
-8.64988e+06 0.0007
-8.65119e+06 0.00071
-8.65252e+06 0.00072
-8.65387e+06 0.00073
-8.65524e+06 0.00074
-8.65663e+06 0.00075
-8.65804e+06 0.00076
-8.65947e+06 0.00077
-8.66091e+06 0.00078
-8.66238e+06 0.00079
-8.66386e+06 0.0008
-8.66537e+06 0.00081
-8.66689e+06 0.00082
-8.66844e+06 0.00083
-8.67e+06 0.00084
-8.67158e+06 0.00085
-8.67319e+06 0.00086
-8.67481e+06 0.00087
-8.67645e+06 0.00088
-8.67811e+06 0.00089
-8.67979e+06 0.0009
-8.68149e+06 0.00091
-8.68321e+06 0.00092
-8.68495e+06 0.00093
-8.68671e+06 0.00094
-8.68849e+06 0.00095
-8.69029e+06 0.00096
-8.69211e+06 0.00097
-8.69395e+06 0.00098
-8.69581e+06 0.00099
-8.69768e+06 0.001
-8.69958e+06 0.00101
-8.7015e+06 0.00102
-8.70344e+06 0.00103
-8.7054e+06 0.00104
-8.70738e+06 0.00105
-8.70938e+06 0.00106
-8.71139e+06 0.00107
-8.71343e+06 0.00108
-8.71549e+06 0.00109
-8.71757e+06 0.0011
-8.71967e+06 0.00111
-8.72179e+06 0.00112
-8.72393e+06 0.00113
-8.72609e+06 0.00114
-8.72827e+06 0.00115
-8.73047e+06 0.00116
-8.7327e+06 0.00117
-8.73494e+06 0.00118
-8.7372e+06 0.00119
-8.73948e+06 0.0012
-8.74179e+06 0.00121
-8.74411e+06 0.00122
-8.74646e+06 0.00123
-8.74882e+06 0.00124
-8.75121e+06 0.00125
-8.75362e+06 0.00126
-8.75605e+06 0.00127
-8.7585e+06 0.00128
-8.76097e+06 0.00129
-8.76346e+06 0.0013
-8.76597e+06 0.00131
-8.7685e+06 0.00132
-8.77106e+06 0.00133
-8.77363e+06 0.00134
-8.77623e+06 0.00135
-8.77884e+06 0.00136
-8.78148e+06 0.00137
-8.78414e+06 0.00138
-8.78682e+06 0.00139
-8.78953e+06 0.0014
-8.79225e+06 0.00141
-8.795e+06 0.00142
-8.79776e+06 0.00143
-8.80055e+06 0.00144
-8.80336e+06 0.00145
-8.80619e+06 0.00146
-8.80905e+06 0.00147
-8.81192e+06 0.00148
-8.81482e+06 0.00149
-8.81774e+06 0.0015
-8.82068e+06 0.00151
-8.82364e+06 0.00152
-8.82663e+06 0.00153
-8.82963e+06 0.00154
-8.83266e+06 0.00155
-8.83571e+06 0.00156
-8.83879e+06 0.00157
-8.84188e+06 0.00158
-8.845e+06 0.00159
-8.84814e+06 0.0016
-8.8513e+06 0.00161
-8.85448e+06 0.00162
-8.85769e+06 0.00163
-8.86092e+06 0.00164
-8.86417e+06 0.00165
-8.86745e+06 0.00166
-8.87074e+06 0.00167
-8.87406e+06 0.00168
-8.87741e+06 0.00169
-8.88077e+06 0.0017
-8.88416e+06 0.00171
-8.88757e+06 0.00172
-8.89101e+06 0.00173
-8.89447e+06 0.00174
-8.89795e+06 0.00175
-8.90145e+06 0.00176
-8.90498e+06 0.00177
-8.90853e+06 0.00178
-8.9121e+06 0.00179
-8.9157e+06 0.0018
-8.91932e+06 0.00181
-8.92297e+06 0.00182
-8.92663e+06 0.00183
-8.93033e+06 0.00184
-8.93404e+06 0.00185
-8.93778e+06 0.00186
-8.94155e+06 0.00187
-8.94533e+06 0.00188
-8.94914e+06 0.00189
-8.95298e+06 0.0019
-8.95684e+06 0.00191
-8.96072e+06 0.00192
-8.96463e+06 0.00193
-8.96856e+06 0.00194
-8.97252e+06 0.00195
-8.9765e+06 0.00196
-8.98051e+06 0.00197
-8.98454e+06 0.00198
-8.9886e+06 0.00199
-8.99268e+06 0.002
-8.99678e+06 0.00201
-9.00091e+06 0.00202
-9.00507e+06 0.00203
-9.00925e+06 0.00204
-9.01345e+06 0.00205
-9.01768e+06 0.00206
-9.02194e+06 0.00207
-9.02622e+06 0.00208
-9.03053e+06 0.00209
-9.03486e+06 0.0021
-9.03922e+06 0.00211
-9.0436e+06 0.00212
-9.04801e+06 0.00213
-9.05244e+06 0.00214
-9.0569e+06 0.00215
-9.06139e+06 0.00216
-9.0659e+06 0.00217
-9.07044e+06 0.00218
-9.07501e+06 0.00219
-9.0796e+06 0.0022
-9.08422e+06 0.00221
-9.08886e+06 0.00222
-9.09353e+06 0.00223
-9.09823e+06 0.00224
-9.10296e+06 0.00225
-9.10771e+06 0.00226
-9.11249e+06 0.00227
-9.11729e+06 0.00228
-9.12212e+06 0.00229
-9.12698e+06 0.0023
-9.13187e+06 0.00231
-9.13679e+06 0.00232
-9.14173e+06 0.00233
-9.1467e+06 0.00234
-9.1517e+06 0.00235
-9.15672e+06 0.00236
-9.16177e+06 0.00237
-9.16685e+06 0.00238
-9.17196e+06 0.00239
-9.1771e+06 0.0024
-9.18226e+06 0.00241
-9.18746e+06 0.00242
-9.19268e+06 0.00243
-9.19793e+06 0.00244
-9.20321e+06 0.00245
-9.20852e+06 0.00246
-9.21385e+06 0.00247
-9.21922e+06 0.00248
-9.22461e+06 0.00249
-9.23004e+06 0.0025
-9.23549e+06 0.00251
-9.24097e+06 0.00252
-9.24649e+06 0.00253
-9.25203e+06 0.00254
-9.2576e+06 0.00255
-9.2632e+06 0.00256
-9.26883e+06 0.00257
-9.27449e+06 0.00258
-9.28018e+06 0.00259
-9.2859e+06 0.0026
-9.29166e+06 0.00261
-9.29744e+06 0.00262
-9.30325e+06 0.00263
-9.30909e+06 0.00264
-9.31497e+06 0.00265
-9.32087e+06 0.00266
-9.32681e+06 0.00267
-9.33278e+06 0.00268
-9.33877e+06 0.00269
-9.3448e+06 0.0027
-9.35087e+06 0.00271
-9.35696e+06 0.00272
-9.36308e+06 0.00273
-9.36924e+06 0.00274
-9.37543e+06 0.00275
-9.38165e+06 0.00276
-9.3879e+06 0.00277
-9.39419e+06 0.00278
-9.40051e+06 0.00279
-9.40686e+06 0.0028
-9.41324e+06 0.00281
-9.41966e+06 0.00282
-9.42611e+06 0.00283
-9.43259e+06 0.00284
-9.43911e+06 0.00285
-9.44566e+06 0.00286
-9.45224e+06 0.00287
-9.45886e+06 0.00288
-9.46551e+06 0.00289
-9.4722e+06 0.0029
-9.47891e+06 0.00291
-9.48567e+06 0.00292
-9.49246e+06 0.00293
-9.49928e+06 0.00294
-9.50614e+06 0.00295
-9.51303e+06 0.00296
-9.51996e+06 0.00297
-9.52692e+06 0.00298
-9.53392e+06 0.00299
-9.54095e+06 0.003
-9.54802e+06 0.00301
-9.55512e+06 0.00302
-9.56226e+06 0.00303
-9.56944e+06 0.00304
-9.57665e+06 0.00305
-9.5839e+06 0.00306
-9.59119e+06 0.00307
-9.59851e+06 0.00308
-9.60587e+06 0.00309
-9.61327e+06 0.0031
-9.62071e+06 0.00311
-9.62818e+06 0.00312
-9.63569e+06 0.00313
-9.64323e+06 0.00314
-9.65082e+06 0.00315
-9.65844e+06 0.00316
-9.6661e+06 0.00317
-9.6738e+06 0.00318
-9.68154e+06 0.00319
-9.68932e+06 0.0032
-9.69713e+06 0.00321
-9.70499e+06 0.00322
-9.71288e+06 0.00323
-9.72082e+06 0.00324
-9.72879e+06 0.00325
-9.73681e+06 0.00326
-9.74486e+06 0.00327
-9.75295e+06 0.00328
-9.76109e+06 0.00329
-9.76926e+06 0.0033
-9.77748e+06 0.00331
-9.78574e+06 0.00332
-9.79404e+06 0.00333
-9.80238e+06 0.00334
-9.81076e+06 0.00335
-9.81918e+06 0.00336
-9.82765e+06 0.00337
-9.83615e+06 0.00338
-9.8447e+06 0.00339
-9.8533e+06 0.0034
-9.86193e+06 0.00341
-9.87061e+06 0.00342
-9.87933e+06 0.00343
-9.8881e+06 0.00344
-9.89691e+06 0.00345
-9.90576e+06 0.00346
-9.91466e+06 0.00347
-9.9236e+06 0.00348
-9.93258e+06 0.00349
-9.94161e+06 0.0035
-9.95069e+06 0.00351
-9.95981e+06 0.00352
-9.96898e+06 0.00353
-9.97819e+06 0.00354
-9.98745e+06 0.00355
-9.99675e+06 0.00356
-1.00061e+07 0.00357
-1.00155e+07 0.00358
-1.00249e+07 0.00359
-1.00344e+07 0.0036
-1.0044e+07 0.00361
-1.00536e+07 0.00362
-1.00632e+07 0.00363
-1.00729e+07 0.00364
-1.00826e+07 0.00365
-1.00924e+07 0.00366
-1.01022e+07 0.00367
-1.01121e+07 0.00368
-1.0122e+07 0.00369
-1.0132e+07 0.0037
-1.0142e+07 0.00371
-1.01521e+07 0.00372
-1.01622e+07 0.00373
-1.01724e+07 0.00374
-1.01826e+07 0.00375
-1.01929e+07 0.00376
-1.02033e+07 0.00377
-1.02136e+07 0.00378
-1.02241e+07 0.00379
-1.02346e+07 0.0038
-1.02451e+07 0.00381
-1.02557e+07 0.00382
-1.02663e+07 0.00383
-1.02771e+07 0.00384
-1.02878e+07 0.00385
-1.02986e+07 0.00386
-1.03095e+07 0.00387
-1.03204e+07 0.00388
-1.03314e+07 0.00389
-1.03424e+07 0.0039
-1.03535e+07 0.00391
-1.03646e+07 0.00392
-1.03758e+07 0.00393
-1.03871e+07 0.00394
-1.03984e+07 0.00395
-1.04098e+07 0.00396
-1.04212e+07 0.00397
-1.04327e+07 0.00398
-1.04442e+07 0.00399
-1.04558e+07 0.004
-1.04675e+07 0.00401
-1.04792e+07 0.00402
-1.0491e+07 0.00403
-1.05028e+07 0.00404
-1.05147e+07 0.00405
-1.05267e+07 0.00406
-1.05387e+07 0.00407
-1.05508e+07 0.00408
-1.0563e+07 0.00409
-1.05752e+07 0.0041
-1.05874e+07 0.00411
-1.05998e+07 0.00412
-1.06122e+07 0.00413
-1.06246e+07 0.00414
-1.06372e+07 0.00415
-1.06497e+07 0.00416
-1.06624e+07 0.00417
-1.06751e+07 0.00418
-1.06879e+07 0.00419
-1.07008e+07 0.0042
-1.07137e+07 0.00421
-1.07267e+07 0.00422
-1.07397e+07 0.00423
-1.07529e+07 0.00424
-1.0766e+07 0.00425
-1.07793e+07 0.00426
-1.07926e+07 0.00427
-1.0806e+07 0.00428
-1.08195e+07 0.00429
-1.0833e+07 0.0043
-1.08466e+07 0.00431
-1.08603e+07 0.00432
-1.08741e+07 0.00433
-1.08879e+07 0.00434
-1.09018e+07 0.00435
-1.09158e+07 0.00436
-1.09298e+07 0.00437
-1.09439e+07 0.00438
-1.09581e+07 0.00439
-1.09724e+07 0.0044
-1.09868e+07 0.00441
-1.10012e+07 0.00442
-1.10157e+07 0.00443
-1.10303e+07 0.00444
-1.10449e+07 0.00445
-1.10596e+07 0.00446
-1.10744e+07 0.00447
-1.10893e+07 0.00448
-1.11043e+07 0.00449
-1.11194e+07 0.0045
-1.11345e+07 0.00451
-1.11497e+07 0.00452
-1.1165e+07 0.00453
-1.11804e+07 0.00454
-1.11958e+07 0.00455
-1.12114e+07 0.00456
-1.1227e+07 0.00457
-1.12427e+07 0.00458
-1.12585e+07 0.00459
-1.12744e+07 0.0046
-1.12904e+07 0.00461
-1.13064e+07 0.00462
-1.13226e+07 0.00463
-1.13388e+07 0.00464
-1.13551e+07 0.00465
-1.13715e+07 0.00466
-1.1388e+07 0.00467
-1.14046e+07 0.00468
-1.14213e+07 0.00469
-1.14381e+07 0.0047
-1.1455e+07 0.00471
