3000 0
3001.23 1e-05
3004.93 2e-05
3011.09 3e-05
3019.68 4e-05
3030.7 5e-05
3044.1 6e-05
3059.87 7e-05
3077.97 8e-05
3098.35 9e-05
3120.98 0.0001
3145.79 0.00011
3172.75 0.00012
3201.8 0.00013
3232.87 0.00014
3265.92 0.00015
3300.89 0.00016
3337.71 0.00017
3376.33 0.00018
3416.68 0.00019
3458.7 0.0002
3502.34 0.00021
3547.53 0.00022
3594.22 0.00023
3642.35 0.00024
3691.86 0.00025
3742.7 0.00026
3794.82 0.00027
3848.16 0.00028
3902.68 0.00029
3958.32 0.0003
4015.04 0.00031
4072.8 0.00032
4131.55 0.00033
4191.26 0.00034
4251.87 0.00035
4313.36 0.00036
4375.69 0.00037
4438.82 0.00038
4502.71 0.00039
4567.35 0.0004
4632.7 0.00041
4698.72 0.00042
4765.39 0.00043
4832.69 0.00044
4900.59 0.00045
4969.06 0.00046
5038.09 0.00047
5107.65 0.00048
5177.71 0.00049
5248.27 0.0005
5319.3 0.00051
5390.78 0.00052
5462.7 0.00053
5535.03 0.00054
5607.77 0.00055
5680.9 0.00056
5754.41 0.00057
5828.27 0.00058
5902.49 0.00059
5977.04 0.0006
6051.91 0.00061
6127.1 0.00062
6202.59 0.00063
6278.37 0.00064
6354.44 0.00065
6430.77 0.00066
6507.37 0.00067
6584.23 0.00068
6661.33 0.00069
6738.68 0.0007
6816.25 0.00071
6894.05 0.00072
6972.07 0.00073
7050.3 0.00074
7128.73 0.00075
7207.36 0.00076
7286.19 0.00077
7365.2 0.00078
7444.4 0.00079
7523.77 0.0008
7603.32 0.00081
7683.03 0.00082
7762.91 0.00083
7842.94 0.00084
7923.13 0.00085
8003.47 0.00086
8083.96 0.00087
8164.6 0.00088
8245.37 0.00089
8326.28 0.0009
8407.32 0.00091
8488.49 0.00092
8569.79 0.00093
8651.21 0.00094
8732.76 0.00095
8814.42 0.00096
8896.21 0.00097
8978.1 0.00098
9060.11 0.00099
9142.22 0.001
9224.45 0.00101
9306.77 0.00102
9389.2 0.00103
9471.74 0.00104
9554.37 0.00105
9637.09 0.00106
9719.92 0.00107
9802.83 0.00108
9885.84 0.00109
9968.94 0.0011
10052.1 0.00111
10135.4 0.00112
10218.8 0.00113
10302.2 0.00114
10385.8 0.00115
10469.4 0.00116
10553.1 0.00117
10636.8 0.00118
10720.7 0.00119
10804.6 0.0012
10888.6 0.00121
10972.7 0.00122
11056.9 0.00123
11141.1 0.00124
11225.4 0.00125
11309.8 0.00126
11394.2 0.00127
11478.7 0.00128
11563.3 0.00129
11648 0.0013
11732.7 0.00131
11817.5 0.00132
11902.4 0.00133
11987.3 0.00134
12072.3 0.00135
12157.3 0.00136
12242.4 0.00137
12327.6 0.00138
12412.9 0.00139
12498.2 0.0014
12583.6 0.00141
12669 0.00142
12754.5 0.00143
12840 0.00144
12925.6 0.00145
13011.3 0.00146
13097 0.00147
13182.8 0.00148
13268.7 0.00149
13354.6 0.0015
13440.6 0.00151
13526.6 0.00152
13612.7 0.00153
13698.8 0.00154
13785 0.00155
13871.3 0.00156
13957.6 0.00157
14043.9 0.00158
14130.4 0.00159
14216.8 0.0016
14303.4 0.00161
14390 0.00162
14476.6 0.00163
14563.3 0.00164
14650 0.00165
14736.9 0.00166
14823.7 0.00167
14910.6 0.00168
14997.6 0.00169
15084.6 0.0017
15171.7 0.00171
15258.8 0.00172
15346 0.00173
15433.3 0.00174
15520.5 0.00175
15607.9 0.00176
15695.3 0.00177
15782.7 0.00178
15870.2 0.00179
15957.8 0.0018
16045.4 0.00181
16133.1 0.00182
16220.8 0.00183
16308.6 0.00184
16396.4 0.00185
16484.3 0.00186
16572.2 0.00187
16660.2 0.00188
16748.2 0.00189
16836.3 0.0019
16924.5 0.00191
17012.6 0.00192
17100.9 0.00193
17189.2 0.00194
17277.6 0.00195
17366 0.00196
17454.4 0.00197
17542.9 0.00198
17631.5 0.00199
17720.1 0.002
17808.8 0.00201
17897.5 0.00202
17986.3 0.00203
18075.2 0.00204
18164 0.00205
18253 0.00206
18342 0.00207
18431 0.00208
18520.1 0.00209
18609.3 0.0021
18698.5 0.00211
18787.8 0.00212
18877.1 0.00213
18966.5 0.00214
19055.9 0.00215
19145.4 0.00216
19235 0.00217
19324.6 0.00218
19414.2 0.00219
19503.9 0.0022
19593.7 0.00221
19683.5 0.00222
19773.4 0.00223
19863.3 0.00224
19953.3 0.00225
20043.4 0.00226
20133.5 0.00227
20223.6 0.00228
20313.8 0.00229
20404.1 0.0023
20494.4 0.00231
20584.8 0.00232
20675.3 0.00233
20765.8 0.00234
20856.3 0.00235
20947 0.00236
21037.6 0.00237
21128.4 0.00238
21219.2 0.00239
21310 0.0024
21400.9 0.00241
21491.9 0.00242
21582.9 0.00243
21674 0.00244
21765.2 0.00245
21856.4 0.00246
21947.7 0.00247
22039 0.00248
22130.4 0.00249
22221.8 0.0025
22313.3 0.00251
22404.9 0.00252
22496.6 0.00253
22588.3 0.00254
22680 0.00255
22771.8 0.00256
22863.7 0.00257
22955.7 0.00258
23047.7 0.00259
23139.7 0.0026
23231.9 0.00261
23324.1 0.00262
23416.3 0.00263
23508.7 0.00264
23601.1 0.00265
23693.5 0.00266
23786 0.00267
23878.6 0.00268
23971.3 0.00269
24064 0.0027
24156.8 0.00271
24249.6 0.00272
24342.5 0.00273
24435.5 0.00274
24528.6 0.00275
24621.7 0.00276
24714.9 0.00277
24808.1 0.00278
24901.4 0.00279
24994.8 0.0028
25088.3 0.00281
25181.8 0.00282
25275.4 0.00283
25369 0.00284
25462.8 0.00285
25556.6 0.00286
25650.4 0.00287
25744.4 0.00288
25838.4 0.00289
25932.5 0.0029
26026.6 0.00291
26120.9 0.00292
26215.2 0.00293
26309.5 0.00294
26404 0.00295
26498.5 0.00296
26593.1 0.00297
26687.8 0.00298
26782.5 0.00299
26877.3 0.003
26972.2 0.00301
27067.1 0.00302
27162.2 0.00303
27257.3 0.00304
27352.5 0.00305
27447.7 0.00306
27543.1 0.00307
27638.5 0.00308
27734 0.00309
27829.6 0.0031
27925.2 0.00311
28020.9 0.00312
28116.7 0.00313
28212.6 0.00314
28308.6 0.00315
28404.6 0.00316
28500.8 0.00317
28597 0.00318
28693.2 0.00319
28789.6 0.0032
28886 0.00321
28982.6 0.00322
29079.2 0.00323
29175.9 0.00324
29272.6 0.00325
29369.5 0.00326
29466.4 0.00327
29563.5 0.00328
29660.6 0.00329
29757.8 0.0033
29855 0.00331
29952.4 0.00332
30049.9 0.00333
30147.4 0.00334
30245 0.00335
30342.7 0.00336
30440.5 0.00337
30538.4 0.00338
30636.4 0.00339
30734.4 0.0034
30832.6 0.00341
30930.8 0.00342
31029.2 0.00343
31127.6 0.00344
31226.1 0.00345
31324.7 0.00346
31423.4 0.00347
31522.2 0.00348
31621 0.00349
31720 0.0035
31819.1 0.00351
31918.2 0.00352
32017.5 0.00353
32116.8 0.00354
32216.3 0.00355
32315.8 0.00356
32415.4 0.00357
32515.2 0.00358
32615 0.00359
32714.9 0.0036
32814.9 0.00361
32915 0.00362
33015.2 0.00363
33115.6 0.00364
33216 0.00365
33316.5 0.00366
33417.1 0.00367
33517.8 0.00368
33618.6 0.00369
33719.5 0.0037
33820.6 0.00371
33921.7 0.00372
34022.9 0.00373
34124.2 0.00374
34225.7 0.00375
34327.2 0.00376
34428.9 0.00377
34530.6 0.00378
34632.5 0.00379
34734.4 0.0038
34836.5 0.00381
34938.7 0.00382
35041 0.00383
35143.3 0.00384
35245.9 0.00385
35348.5 0.00386
35451.2 0.00387
35554 0.00388
35657 0.00389
35760 0.0039
35863.2 0.00391
35966.5 0.00392
36069.9 0.00393
36173.4 0.00394
36277 0.00395
36380.8 0.00396
36484.6 0.00397
36588.6 0.00398
36692.7 0.00399
36796.9 0.004
36901.2 0.00401
37005.7 0.00402
37110.2 0.00403
37214.9 0.00404
37319.7 0.00405
37424.7 0.00406
37529.7 0.00407
37634.9 0.00408
37740.2 0.00409
37845.6 0.0041
37951.1 0.00411
38056.8 0.00412
38162.6 0.00413
38268.5 0.00414
38374.6 0.00415
38480.7 0.00416
38587 0.00417
38693.5 0.00418
38800 0.00419
38906.7 0.0042
39013.5 0.00421
39120.5 0.00422
39227.6 0.00423
39334.8 0.00424
39442.1 0.00425
39549.6 0.00426
39657.2 0.00427
39765 0.00428
39872.8 0.00429
39980.9 0.0043
40089 0.00431
40197.3 0.00432
40305.8 0.00433
40414.4 0.00434
40523.1 0.00435
40631.9 0.00436
40740.9 0.00437
40850.1 0.00438
40959.4 0.00439
41068.8 0.0044
41178.4 0.00441
41288.1 0.00442
41397.9 0.00443
41508 0.00444
41618.1 0.00445
41728.4 0.00446
41838.9 0.00447
41949.5 0.00448
42060.3 0.00449
42171.2 0.0045
42282.2 0.00451
42393.5 0.00452
42504.8 0.00453
42616.3 0.00454
42728 0.00455
42839.9 0.00456
42951.9 0.00457
43064 0.00458
43176.3 0.00459
43288.8 0.0046
43401.4 0.00461
43514.2 0.00462
43627.2 0.00463
43740.3 0.00464
43853.6 0.00465
43967 0.00466
44080.7 0.00467
44194.4 0.00468
44308.4 0.00469
44422.5 0.0047
44536.8 0.00471
