100 0
99.9991 1e-05
99.9974 2e-05
99.9948 3e-05
99.9914 4e-05
99.9871 5e-05
99.9819 6e-05
99.9759 7e-05
99.969 8e-05
99.9613 9e-05
99.9527 0.0001
99.9432 0.00011
99.9329 0.00012
99.9217 0.00013
99.9096 0.00014
99.8967 0.00015
99.883 0.00016
99.8683 0.00017
99.8528 0.00018
99.8365 0.00019
99.8193 0.0002
99.8012 0.00021
99.7823 0.00022
99.7625 0.00023
99.7418 0.00024
99.7203 0.00025
99.6979 0.00026
99.6747 0.00027
99.6506 0.00028
99.6256 0.00029
99.5998 0.0003
99.5731 0.00031
99.5456 0.00032
99.5172 0.00033
99.4879 0.00034
99.4578 0.00035
99.4268 0.00036
99.3949 0.00037
99.3622 0.00038
99.3286 0.00039
99.2942 0.0004
99.2589 0.00041
99.2227 0.00042
99.1857 0.00043
99.1478 0.00044
99.1091 0.00045
99.0694 0.00046
99.029 0.00047
98.9876 0.00048
98.9454 0.00049
98.9024 0.0005
98.8584 0.00051
98.8137 0.00052
98.768 0.00053
98.7215 0.00054
98.6741 0.00055
98.6259 0.00056
98.5768 0.00057
98.5268 0.00058
98.476 0.00059
98.4243 0.0006
98.3717 0.00061
98.3183 0.00062
98.264 0.00063
98.2088 0.00064
98.1528 0.00065
98.0959 0.00066
98.0382 0.00067
97.9796 0.00068
97.9201 0.00069
97.8598 0.0007
97.7986 0.00071
97.7365 0.00072
97.6736 0.00073
97.6098 0.00074
97.5451 0.00075
97.4796 0.00076
97.4132 0.00077
97.3459 0.00078
97.2778 0.00079
97.2088 0.0008
97.1389 0.00081
97.0682 0.00082
96.9966 0.00083
96.9241 0.00084
96.8508 0.00085
96.7766 0.00086
96.7015 0.00087
96.6256 0.00088
96.5488 0.00089
96.4711 0.0009
96.3926 0.00091
96.3132 0.00092
96.2329 0.00093
96.1517 0.00094
96.0697 0.00095
95.9868 0.00096
95.9031 0.00097
95.8185 0.00098
95.733 0.00099
95.6466 0.001
95.5594 0.00101
95.4713 0.00102
95.3823 0.00103
95.2925 0.00104
95.2018 0.00105
95.1102 0.00106
95.0177 0.00107
94.9244 0.00108
94.8302 0.00109
94.7351 0.0011
94.6392 0.00111
94.5424 0.00112
94.4447 0.00113
94.3461 0.00114
94.2467 0.00115
94.1464 0.00116
94.0452 0.00117
93.9432 0.00118
93.8403 0.00119
93.7365 0.0012
93.6318 0.00121
93.5262 0.00122
93.4198 0.00123
93.3125 0.00124
93.2044 0.00125
93.0953 0.00126
92.9854 0.00127
92.8746 0.00128
92.7629 0.00129
92.6504 0.0013
92.5369 0.00131
92.4226 0.00132
92.3075 0.00133
92.1914 0.00134
92.0745 0.00135
91.9566 0.00136
91.838 0.00137
91.7184 0.00138
91.5979 0.00139
91.4766 0.0014
91.3544 0.00141
91.2313 0.00142
91.1073 0.00143
90.9825 0.00144
90.8568 0.00145
90.7302 0.00146
90.6027 0.00147
90.4743 0.00148
90.3451 0.00149
90.2149 0.0015
90.0839 0.00151
89.952 0.00152
89.8192 0.00153
89.6856 0.00154
89.551 0.00155
89.4156 0.00156
89.2793 0.00157
89.1421 0.00158
89.004 0.00159
88.865 0.0016
88.7252 0.00161
88.5844 0.00162
88.4428 0.00163
88.3003 0.00164
88.1569 0.00165
88.0126 0.00166
87.8675 0.00167
87.7214 0.00168
87.5745 0.00169
87.4266 0.0017
87.2779 0.00171
87.1283 0.00172
86.9778 0.00173
86.8264 0.00174
86.6741 0.00175
86.521 0.00176
86.3669 0.00177
86.212 0.00178
86.0561 0.00179
85.8994 0.0018
85.7418 0.00181
85.5832 0.00182
85.4238 0.00183
85.2635 0.00184
85.1023 0.00185
84.9402 0.00186
84.7773 0.00187
84.6134 0.00188
84.4486 0.00189
84.2829 0.0019
84.1164 0.00191
83.9489 0.00192
83.7806 0.00193
83.6113 0.00194
83.4411 0.00195
83.2701 0.00196
83.0982 0.00197
82.9253 0.00198
82.7516 0.00199
82.5769 0.002
82.4014 0.00201
82.2249 0.00202
82.0476 0.00203
81.8693 0.00204
81.6902 0.00205
81.5102 0.00206
81.3292 0.00207
81.1474 0.00208
80.9646 0.00209
80.7809 0.0021
80.5964 0.00211
80.4109 0.00212
80.2245 0.00213
80.0373 0.00214
79.8491 0.00215
79.66 0.00216
79.47 0.00217
79.2791 0.00218
79.0873 0.00219
78.8946 0.0022
78.7009 0.00221
78.5064 0.00222
78.311 0.00223
78.1146 0.00224
77.9173 0.00225
77.7192 0.00226
77.5201 0.00227
77.3201 0.00228
77.1192 0.00229
76.9173 0.0023
76.7146 0.00231
76.5109 0.00232
76.3064 0.00233
76.1009 0.00234
75.8945 0.00235
75.6872 0.00236
75.479 0.00237
75.2698 0.00238
75.0598 0.00239
74.8488 0.0024
74.6369 0.00241
74.4241 0.00242
74.2103 0.00243
73.9957 0.00244
73.7801 0.00245
73.5636 0.00246
73.3462 0.00247
73.1279 0.00248
72.9086 0.00249
72.6884 0.0025
72.4673 0.00251
72.2453 0.00252
72.0223 0.00253
71.7984 0.00254
71.5736 0.00255
71.3479 0.00256
71.1212 0.00257
70.8937 0.00258
70.6651 0.00259
70.4357 0.0026
70.2053 0.00261
69.974 0.00262
69.7418 0.00263
69.5086 0.00264
69.2745 0.00265
69.0395 0.00266
68.8035 0.00267
68.5666 0.00268
68.3288 0.00269
68.09 0.0027
67.8504 0.00271
67.6097 0.00272
67.3681 0.00273
67.1256 0.00274
66.8822 0.00275
66.6378 0.00276
66.3925 0.00277
66.1462 0.00278
65.899 0.00279
65.6509 0.0028
65.4018 0.00281
65.1518 0.00282
64.9008 0.00283
64.6489 0.00284
64.3961 0.00285
64.1423 0.00286
63.8875 0.00287
63.6318 0.00288
63.3752 0.00289
63.1176 0.0029
62.8591 0.00291
62.5996 0.00292
62.3392 0.00293
62.0778 0.00294
61.8154 0.00295
61.5522 0.00296
61.2879 0.00297
61.0227 0.00298
60.7566 0.00299
60.4895 0.003
60.2215 0.00301
59.9525 0.00302
59.6825 0.00303
59.4116 0.00304
59.1397 0.00305
58.8669 0.00306
58.5931 0.00307
58.3183 0.00308
58.0426 0.00309
57.7659 0.0031
57.4883 0.00311
57.2097 0.00312
56.9302 0.00313
56.6496 0.00314
56.3681 0.00315
56.0857 0.00316
55.8023 0.00317
55.5179 0.00318
55.2325 0.00319
54.9462 0.0032
54.6589 0.00321
54.3706 0.00322
54.0814 0.00323
53.7912 0.00324
53.5 0.00325
53.2078 0.00326
52.9147 0.00327
52.6206 0.00328
52.3255 0.00329
52.0294 0.0033
51.7324 0.00331
51.4344 0.00332
51.1354 0.00333
50.8354 0.00334
50.5344 0.00335
50.2325 0.00336
49.9296 0.00337
49.6257 0.00338
49.3208 0.00339
49.0149 0.0034
48.708 0.00341
48.4002 0.00342
48.0913 0.00343
47.7815 0.00344
47.4707 0.00345
47.1589 0.00346
46.8461 0.00347
46.5323 0.00348
46.2175 0.00349
45.9017 0.0035
45.585 0.00351
45.2672 0.00352
44.9484 0.00353
44.6287 0.00354
44.3079 0.00355
43.9861 0.00356
43.6634 0.00357
43.3396 0.00358
43.0148 0.00359
42.6891 0.0036
42.3623 0.00361
42.0345 0.00362
41.7057 0.00363
41.3759 0.00364
41.0451 0.00365
40.7133 0.00366
40.3805 0.00367
40.0467 0.00368
39.7118 0.00369
39.376 0.0037
39.0391 0.00371
38.7012 0.00372
38.3623 0.00373
38.0224 0.00374
37.6814 0.00375
37.3395 0.00376
36.9965 0.00377
36.6525 0.00378
36.3075 0.00379
35.9614 0.0038
35.6144 0.00381
35.2663 0.00382
34.9171 0.00383
34.567 0.00384
34.2158 0.00385
33.8636 0.00386
33.5104 0.00387
33.1561 0.00388
32.8008 0.00389
32.4444 0.0039
32.0871 0.00391
31.7287 0.00392
31.3692 0.00393
31.0087 0.00394
30.6472 0.00395
30.2846 0.00396
29.921 0.00397
29.5564 0.00398
29.1907 0.00399
28.8239 0.004
28.4561 0.00401
28.0873 0.00402
27.7174 0.00403
27.3465 0.00404
26.9745 0.00405
26.6014 0.00406
26.2273 0.00407
25.8522 0.00408
25.476 0.00409
25.0987 0.0041
24.7204 0.00411
24.341 0.00412
23.9606 0.00413
23.5791 0.00414
23.1965 0.00415
22.8128 0.00416
22.4281 0.00417
22.0424 0.00418
21.6555 0.00419
21.2676 0.0042
20.8786 0.00421
20.4886 0.00422
20.0975 0.00423
19.7053 0.00424
19.312 0.00425
18.9176 0.00426
18.5222 0.00427
18.1257 0.00428
17.7281 0.00429
17.3294 0.0043
16.9296 0.00431
16.5288 0.00432
16.1268 0.00433
15.7238 0.00434
15.3197 0.00435
14.9145 0.00436
14.5082 0.00437
14.1008 0.00438
13.6923 0.00439
13.2827 0.0044
12.872 0.00441
12.4602 0.00442
12.0473 0.00443
11.6333 0.00444
11.2182 0.00445
10.802 0.00446
10.3847 0.00447
9.9663 0.00448
9.54677 0.00449
9.12612 0.0045
8.70437 0.00451
8.2815 0.00452
7.85751 0.00453
7.4324 0.00454
7.00618 0.00455
6.57883 0.00456
6.15036 0.00457
5.72077 0.00458
5.29005 0.00459
4.8582 0.0046
4.42522 0.00461
3.99112 0.00462
3.55588 0.00463
3.1195 0.00464
2.68199 0.00465
2.24335 0.00466
1.80356 0.00467
1.36264 0.00468
0.920572 0.00469
0.477361 0.0047
0.0330047 0.00471
