400 0
399.999 0.03
399.997 0.06
399.995 0.09
399.991 0.12
399.987 0.15
399.982 0.18
399.976 0.21
399.969 0.24
399.961 0.27
399.953 0.3
399.943 0.33
399.933 0.36
399.922 0.39
399.91 0.42
399.897 0.45
399.883 0.48
399.868 0.51
399.853 0.54
399.836 0.57
399.819 0.6
399.801 0.63
399.782 0.66
399.762 0.69
399.742 0.72
399.72 0.75
399.698 0.78
399.675 0.81
399.651 0.84
399.626 0.87
399.6 0.9
399.573 0.93
399.546 0.96
399.517 0.99
399.488 1.02
399.458 1.05
399.427 1.08
399.395 1.11
399.362 1.14
399.329 1.17
399.294 1.2
399.259 1.23
399.223 1.26
399.186 1.29
399.148 1.32
399.109 1.35
399.069 1.38
399.029 1.41
398.988 1.44
398.945 1.47
398.902 1.5
398.858 1.53
398.814 1.56
398.768 1.59
398.721 1.62
398.674 1.65
398.626 1.68
398.577 1.71
398.527 1.74
398.476 1.77
398.424 1.8
398.372 1.83
398.318 1.86
398.264 1.89
398.209 1.92
398.153 1.95
398.096 1.98
398.038 2.01
397.98 2.04
397.92 2.07
397.86 2.1
397.799 2.13
397.736 2.16
397.674 2.19
397.61 2.22
397.545 2.25
397.48 2.28
397.413 2.31
397.346 2.34
397.278 2.37
397.209 2.4
397.139 2.43
397.068 2.46
396.997 2.49
396.924 2.52
396.851 2.55
396.777 2.58
396.702 2.61
396.626 2.64
396.549 2.67
396.471 2.7
396.393 2.73
396.313 2.76
396.233 2.79
396.152 2.82
396.07 2.85
395.987 2.88
395.903 2.91
395.818 2.94
395.733 2.97
395.647 3
395.559 3.03
395.471 3.06
395.382 3.09
395.292 3.12
395.202 3.15
395.11 3.18
395.018 3.21
394.924 3.24
394.83 3.27
394.735 3.3
394.639 3.33
394.542 3.36
394.445 3.39
394.346 3.42
394.247 3.45
394.146 3.48
394.045 3.51
393.943 3.54
393.84 3.57
393.736 3.6
393.632 3.63
393.526 3.66
393.42 3.69
393.313 3.72
393.204 3.75
393.095 3.78
392.985 3.81
392.875 3.84
392.763 3.87
392.65 3.9
392.537 3.93
392.423 3.96
392.307 3.99
392.191 4.02
392.074 4.05
391.957 4.08
391.838 4.11
391.718 4.14
391.598 4.17
391.477 4.2
391.354 4.23
391.231 4.26
391.107 4.29
390.983 4.32
390.857 4.35
390.73 4.38
390.603 4.41
390.474 4.44
390.345 4.47
390.215 4.5
390.084 4.53
389.952 4.56
389.819 4.59
389.686 4.62
389.551 4.65
389.416 4.68
389.279 4.71
389.142 4.74
389.004 4.77
388.865 4.8
388.725 4.83
388.584 4.86
388.443 4.89
388.3 4.92
388.157 4.95
388.013 4.98
387.867 5.01
387.721 5.04
387.574 5.07
387.427 5.1
387.278 5.13
387.128 5.16
386.978 5.19
386.826 5.22
386.674 5.25
386.521 5.28
386.367 5.31
386.212 5.34
386.056 5.37
385.899 5.4
385.742 5.43
385.583 5.46
385.424 5.49
385.264 5.52
385.102 5.55
384.94 5.58
384.777 5.61
384.613 5.64
384.449 5.67
384.283 5.7
384.116 5.73
383.949 5.76
383.781 5.79
383.611 5.82
383.441 5.85
383.27 5.88
383.098 5.91
382.925 5.94
382.752 5.97
382.577 6
382.401 6.03
382.225 6.06
382.048 6.09
381.869 6.12
381.69 6.15
381.51 6.18
381.329 6.21
381.147 6.24
380.965 6.27
380.781 6.3
380.596 6.33
380.411 6.36
380.225 6.39
380.037 6.42
379.849 6.45
379.66 6.48
379.47 6.51
379.279 6.54
379.087 6.57
378.895 6.6
378.701 6.63
378.506 6.66
378.311 6.69
378.115 6.72
377.917 6.75
377.719 6.78
377.52 6.81
377.32 6.84
377.119 6.87
376.917 6.9
376.715 6.93
376.511 6.96
376.306 6.99
376.101 7.02
375.895 7.05
375.687 7.08
375.479 7.11
375.27 7.14
375.06 7.17
374.849 7.2
374.637 7.23
374.424 7.26
374.21 7.29
373.996 7.32
373.78 7.35
373.564 7.38
373.346 7.41
373.128 7.44
372.909 7.47
372.688 7.5
372.467 7.53
372.245 7.56
372.022 7.59
371.798 7.62
371.574 7.65
371.348 7.68
371.121 7.71
370.894 7.74
370.665 7.77
370.436 7.8
370.205 7.83
369.974 7.86
369.742 7.89
369.509 7.92
369.275 7.95
369.039 7.98
368.804 8.01
368.567 8.04
368.329 8.07
368.09 8.1
367.85 8.13
367.61 8.16
367.368 8.19
367.126 8.22
366.882 8.25
366.638 8.28
366.392 8.31
366.146 8.34
365.899 8.37
365.651 8.4
365.402 8.43
365.152 8.46
364.901 8.49
364.649 8.52
364.396 8.55
364.142 8.58
363.888 8.61
363.632 8.64
363.375 8.67
363.118 8.7
362.859 8.73
362.6 8.76
362.339 8.79
362.078 8.82
361.815 8.85
361.552 8.88
361.288 8.91
361.023 8.94
360.757 8.97
360.49 9
360.221 9.03
359.952 9.06
359.683 9.09
359.412 9.12
359.14 9.15
358.867 9.18
358.593 9.21
358.318 9.24
358.043 9.27
357.766 9.3
357.488 9.33
357.21 9.36
356.93 9.39
356.65 9.42
356.368 9.45
356.086 9.48
355.802 9.51
355.518 9.54
355.233 9.57
354.946 9.6
354.659 9.63
354.371 9.66
354.081 9.69
353.791 9.72
353.5 9.75
353.208 9.78
352.915 9.81
352.621 9.84
352.325 9.87
352.029 9.9
351.732 9.93
351.434 9.96
351.135 9.99
350.835 10.02
350.534 10.05
350.232 10.08
349.93 10.11
349.626 10.14
349.321 10.17
349.015 10.2
348.708 10.23
348.4 10.26
348.091 10.29
347.782 10.32
347.471 10.35
347.159 10.38
346.846 10.41
346.532 10.44
346.218 10.47
345.902 10.5
345.585 10.53
345.267 10.56
344.948 10.59
344.629 10.62
344.308 10.65
343.986 10.68
343.663 10.71
343.34 10.74
343.015 10.77
342.689 10.8
342.362 10.83
342.035 10.86
341.706 10.89
341.376 10.92
341.045 10.95
340.713 10.98
340.381 11.01
340.047 11.04
339.712 11.07
339.376 11.1
339.039 11.13
338.701 11.16
338.362 11.19
338.022 11.22
337.681 11.25
337.339 11.28
336.997 11.31
336.653 11.34
336.307 11.37
335.961 11.4
335.614 11.43
335.266 11.46
334.917 11.49
334.567 11.52
334.216 11.55
333.864 11.58
333.51 11.61
333.156 11.64
332.801 11.67
332.444 11.7
332.087 11.73
331.729 11.76
331.369 11.79
331.009 11.82
330.647 11.85
330.285 11.88
329.921 11.91
329.556 11.94
329.191 11.97
328.824 12
328.456 12.03
328.087 12.06
327.717 12.09
327.346 12.12
326.974 12.15
326.601 12.18
326.227 12.21
325.852 12.24
325.476 12.27
325.099 12.3
324.72 12.33
324.341 12.36
323.961 12.39
323.579 12.42
323.196 12.45
322.813 12.48
322.428 12.51
322.042 12.54
321.656 12.57
321.268 12.6
320.879 12.63
320.489 12.66
320.097 12.69
319.705 12.72
319.312 12.75
318.918 12.78
318.522 12.81
318.126 12.84
317.728 12.87
317.329 12.9
316.93 12.93
316.529 12.96
316.127 12.99
315.724 13.02
315.32 13.05
314.914 13.08
314.508 13.11
314.101 13.14
313.692 13.17
313.283 13.2
312.872 13.23
312.46 13.26
312.047 13.29
311.633 13.32
311.218 13.35
310.802 13.38
310.385 13.41
309.966 13.44
309.547 13.47
309.126 13.5
308.704 13.53
308.281 13.56
307.858 13.59
307.432 13.62
307.006 13.65
306.579 13.68
306.15 13.71
305.721 13.74
305.29 13.77
304.858 13.8
304.425 13.83
303.991 13.86
303.556 13.89
303.12 13.92
302.682 13.95
302.243 13.98
301.804 14.01
301.363 14.04
300.921 14.07
300.477 14.1
300.033 14.13
